Total number of sentences: 8
Embedding dimension: 384

--- Embeddings ---

Sentence: I love eating pizza.
Embedding: [-4.05434892e-02  2.70015653e-02  3.52290869e-02  9.09079388e-02
 -7.80282691e-02 -2.57069785e-02  6.99366182e-02  4.63054376e-03
  1.97377373e-02 -4.51127626e-02 -2.78989878e-02 -6.51012212e-02
 -1.44569799e-02  4.98145334e-02  6.36173785e-02 -1.09301440e-01
  1.15537047e-01  2.63302680e-02 -1.47071397e-02  2.81429421e-02
 -1.05669953e-01  1.13544827e-02  3.68462801e-02 -7.42822140e-03
  1.16075277e-02  6.23223931e-02  7.33518302e-02 -4.29333858e-02
 -6.19772039e-02 -4.62038144e-02 -3.14946771e-02  5.23677655e-02
  4.36599292e-02  6.34879898e-03 -1.80851892e-02  5.77158332e-02
  7.65312165e-02 -8.19068402e-02  5.42767420e-02  1.44081702e-02
  5.28250486e-02  2.59566903e-02  9.88652185e-02 -2.86400989e-02
 -5.25380336e-02 -1.77715644e-02 -4.62553389e-02  5.28090214e-03
  6.17931522e-02  3.31933834e-02  2.88527552e-03  3.75786461e-02
 -1.21420939e-02 -1.37658324e-02  3.20638418e-02  2.29908247e-02
  4.02936712e-02 -2.31122971e-02 -3.86016667e-02 -2.38186736e-02
  1.10215181e-02  7.82803167e-03 -2.12810375e-02  8.34950581e-02
 -2.88075674e-02 -2.87831835e-02  1.86159927e-02 -4.55135517e-02
 -1.08186357e-01 -7.73007702e-03 -4.09168787e-02  1.13038749e-01
  2.97712125e-02  3.61519866e-03  1.70632582e-02  1.00626145e-02
  3.25258449e-02 -8.76455829e-02 -1.26478774e-02 -2.89108828e-02
  4.66822423e-02 -3.41965482e-02 -1.19690634e-02  9.84804798e-03
 -9.07892361e-03 -3.36926244e-02 -3.59159894e-02  9.59359854e-02
 -4.20107767e-02 -1.43167591e-02 -1.00355102e-02 -2.90213805e-02
 -9.30286944e-02  2.42856797e-02 -1.15627274e-01 -8.26226082e-03
 -1.67939905e-02 -2.75831502e-02 -5.01881279e-02  7.08377883e-02
  1.50462706e-02  2.25688200e-02  1.06842527e-02  5.70540130e-02
 -1.51025560e-02  2.82100774e-02 -8.37067962e-02  7.21043125e-02
  5.69443777e-02 -3.77331004e-02 -5.13302721e-02  1.36347604e-03
  9.23601538e-03 -4.35935482e-02 -4.54321951e-02  3.72838154e-02
  9.42033157e-02 -9.45561472e-03  8.65972415e-02 -6.80564437e-04
 -3.62092517e-02  3.15136723e-02 -1.09631531e-02 -2.40455642e-02
 -2.58453935e-02 -8.44351053e-02 -2.49711219e-02 -6.84549209e-33
 -9.10582393e-02 -3.73634733e-02  6.48267865e-02  3.41337523e-03
  9.55778547e-03  5.13038151e-02  5.75095415e-02 -2.30429396e-02
 -5.74984681e-03 -3.86605114e-02  9.39552952e-03 -3.27703096e-02
 -2.02282574e-02  6.09403476e-02 -1.26064476e-02 -4.00402732e-02
 -4.49969806e-03  6.84889331e-02 -4.51869965e-02 -3.38098109e-02
  2.26475969e-02 -1.07256159e-01  6.45343065e-02  1.01237424e-01
 -6.69362070e-03 -3.62392887e-02 -6.48149149e-03 -4.98812981e-02
 -5.76371066e-02  1.69036835e-02  3.10085956e-02  1.58036593e-02
 -3.80933732e-02  1.89690553e-02  5.11103049e-02 -1.38298683e-02
 -4.06020768e-02  3.71249765e-02 -6.20302111e-02  1.92308631e-02
  1.42226908e-02 -1.12225832e-02 -2.60248128e-02 -4.48785676e-03
  2.62905341e-02  1.68080106e-02  4.55771526e-03  5.65694049e-02
 -4.92335530e-03 -2.10347101e-02  4.11033146e-02 -7.94144440e-03
  6.52060285e-02 -1.41366711e-02  9.14841541e-04 -6.17657825e-02
  1.98991727e-02 -3.28488052e-02 -5.86970150e-02 -6.63904846e-03
  4.68470622e-04  9.73176584e-02 -1.65589657e-02  1.19758798e-02
 -5.56528792e-02  7.48350397e-02  7.47699756e-03 -1.08697517e-02
  1.44164525e-02 -8.33547581e-03  2.70882566e-02 -1.35547128e-02
  2.64889691e-02 -2.49825115e-03 -3.25664319e-02 -5.15032597e-02
  2.56685019e-02 -5.46011999e-02 -7.25087244e-04 -3.75991017e-02
  1.20339639e-01 -5.45249954e-02  9.28576663e-02 -6.97717443e-02
  1.03010824e-02  4.79308330e-02 -5.06383739e-03 -1.04754560e-01
  7.28423595e-02  2.70670857e-02  1.51259201e-02 -1.00198835e-01
  5.81067987e-02  2.41943058e-02 -8.83051753e-02  5.65329396e-33
  4.37584333e-03  1.57539994e-02  3.32865641e-02 -8.92431289e-03
 -5.63486479e-02 -8.22755918e-02 -7.91467577e-02 -3.92403379e-02
 -2.05546636e-02  4.72043827e-02  1.43088289e-02 -3.39960232e-02
  3.76824699e-02  1.91299599e-02  2.86331195e-02  4.87226099e-02
  8.71902052e-03  2.50604060e-02 -1.24087436e-02  1.85129624e-02
 -5.16436361e-02 -1.69663969e-02 -7.99077153e-02  9.25406814e-02
  1.71748139e-02  3.12449113e-02  3.97579260e-02  5.02183847e-02
 -6.03804132e-03  2.40846947e-02 -2.27361657e-02  9.40631609e-03
 -3.54842469e-02 -1.12413555e-01  2.26908736e-02  7.23764747e-02
 -7.46186748e-02 -2.25659683e-02  4.77800481e-02 -1.79465376e-02
 -4.58831005e-02 -2.77962163e-03  1.15715884e-01  1.55021831e-01
  1.74142737e-02 -1.22837825e-02  9.15307626e-02 -9.24239159e-02
 -6.65917546e-02  3.58223319e-02 -5.75422011e-02 -3.00146844e-02
  1.17112836e-02 -3.19592701e-03  6.95403814e-02  8.30105469e-02
 -4.47328947e-03  4.55027297e-02 -4.45208699e-02 -1.50322765e-01
 -1.04156576e-01  4.55996282e-02 -1.56224072e-02  1.20619677e-01
  1.06452256e-01 -1.07054254e-02  3.45944846e-03 -1.27248272e-01
 -5.25380932e-02  3.97911817e-02 -5.30237854e-02  1.16327628e-02
 -2.42156591e-02 -7.49595184e-03 -5.10225371e-02 -6.01119660e-02
 -5.53778559e-02  5.07664979e-02 -8.78559127e-02  4.05583493e-02
  4.21116548e-03 -1.13463355e-02 -3.31240036e-02  2.25883089e-02
 -3.81623656e-02 -5.66349216e-02 -6.56720344e-03 -2.37241294e-02
 -7.97461122e-02 -3.08663268e-02 -3.23434593e-03  4.39473800e-02
 -2.84842215e-02 -2.87938807e-02  1.35507792e-01 -1.53763420e-08
  2.94668600e-02 -2.49623638e-02 -6.20393343e-02  1.51887313e-02
  2.76694018e-02 -2.33173613e-02 -4.64791991e-02 -4.59871441e-02
 -2.16269330e-03 -5.55354264e-03  2.63218544e-02  1.01659372e-01
  4.01786789e-02  2.82931700e-02  3.63713801e-02 -4.25834507e-02
  1.06987596e-01 -4.88321893e-02  1.83598958e-02  1.43405080e-01
 -4.64621484e-02  6.69177482e-03  1.34059191e-02  1.11304354e-02
 -3.96911101e-03 -8.14172905e-03  3.07697151e-02  2.89380755e-02
  1.17472343e-01  2.22120788e-02  2.58049052e-02  4.51090396e-04
 -2.61727422e-02  3.69601697e-02  4.10139225e-02 -5.40901534e-02
  2.02513449e-02 -7.28513971e-02  2.26396769e-02 -7.01028034e-02
 -3.04597877e-02  3.59599851e-02 -4.75389417e-03 -2.13286262e-02
 -9.74799991e-02  4.10146229e-02  1.59651730e-02 -2.70679351e-02
  7.63062679e-04  5.83708249e-02 -9.23064537e-03  5.16039543e-02
  6.24825433e-02  4.37244326e-02  1.03304051e-01  3.34479064e-02
  3.84219131e-03  9.05849710e-02  6.25417605e-02  6.51141927e-02
  4.51242924e-02  9.15414244e-02  1.62202818e-03 -1.10697232e-01]

Sentence: I enjoy eating burgers.
Embedding: [ 9.01350519e-04 -3.83739583e-02  2.17585564e-02  4.49603572e-02
 -2.34138016e-02 -1.88903902e-02  8.08702707e-02 -8.62254295e-03
  4.40228283e-02  5.71047924e-02  2.50903107e-02 -2.67879609e-02
 -3.46229901e-03  4.83296625e-03  3.58674526e-02 -1.13042608e-01
  1.25581384e-01 -3.27532087e-03  4.64033112e-02 -1.43923413e-03
 -7.83821866e-02  4.87764813e-02  2.14545261e-02 -8.42454005e-03
 -5.55598885e-02  2.37184502e-02  5.60728312e-02 -5.57216369e-02
 -6.05677404e-02 -3.10988054e-02 -4.27735932e-02 -6.44615665e-02
 -4.51242141e-02 -7.75176683e-04  9.65049956e-03  7.24534830e-03
  9.87276435e-02 -5.29364832e-02 -2.87649259e-02  2.85359360e-02
 -5.26047731e-03 -3.81394736e-02  9.26950648e-02 -4.54915017e-02
  6.66023716e-02 -3.93554457e-02 -1.15819804e-01  2.64430139e-02
  9.74610373e-02  1.86406896e-02  8.06045383e-02  3.60418074e-02
 -2.16824580e-02 -2.14918400e-03  8.77326131e-02  8.92394558e-02
 -3.20484526e-02  8.66875052e-03 -2.48448830e-02  1.94425769e-02
  3.99535969e-02  3.51960063e-02 -3.00857667e-02  2.27015652e-02
  5.66192251e-03 -9.55383331e-02  1.72069017e-02  7.37091079e-02
 -9.06327441e-02  2.55327802e-02 -1.02217812e-02  2.28771009e-03
  5.17670587e-02  5.08290902e-02  8.02880675e-02 -3.11676296e-03
  8.63102544e-03 -3.22080106e-02 -3.83875566e-03 -1.01159951e-02
  8.16128869e-03 -2.39044186e-02 -2.46543344e-02 -4.72005047e-02
 -6.72056451e-02 -6.23310581e-02 -1.19237872e-02  1.65396035e-02
  9.41473991e-03  3.52893062e-02 -3.34935486e-02 -5.07478528e-02
 -5.86497970e-02 -6.81749508e-02 -5.73590659e-02 -5.91531806e-02
  1.57882702e-02  5.06880842e-02  2.26029148e-03  6.17331564e-02
 -3.59200910e-02  1.44371893e-02  2.92962976e-02  6.08845614e-02
 -2.17288900e-02 -2.82486225e-03 -1.49852157e-01  7.75086656e-02
  7.87153840e-02 -4.39310679e-03  6.81919279e-03  7.34540597e-02
 -3.44796628e-02 -3.44348513e-02  2.25182828e-02  3.06544965e-03
  8.58403444e-02 -9.32561755e-02  3.43598910e-02 -3.15878866e-03
 -5.31455241e-02  1.10131301e-01 -4.44007851e-03  3.33690047e-02
 -3.72551456e-02 -2.51440462e-02  5.42517230e-02 -5.67993948e-33
 -6.96535856e-02 -7.15047047e-02  2.55358350e-02  2.14410499e-02
 -1.07448036e-02  4.71043251e-02  2.55506393e-02 -2.34783553e-02
 -8.11671093e-03  9.57617722e-03 -3.06581166e-02 -4.30994947e-03
 -6.15778714e-02  5.24608232e-02  2.37153713e-02 -5.64732356e-03
 -1.80578865e-02  8.98215026e-02 -7.76733160e-02 -1.93094499e-02
 -1.75399054e-03 -5.68243824e-02  7.05179572e-02  8.45302269e-02
  1.97422281e-02 -8.39365870e-02 -7.50501221e-03 -1.43574014e-01
 -5.39865158e-02  1.74565893e-02  6.78826217e-03  3.68382037e-02
 -4.24989350e-02 -5.65944239e-02 -1.27352113e-02 -3.38562694e-03
  3.79889868e-02  1.70771480e-02  1.70081053e-02 -4.42659669e-02
  4.11628485e-02 -3.47836725e-02 -3.73838954e-02  9.23767220e-03
 -7.44382339e-03  3.93027589e-02  8.96622390e-02  3.18050496e-02
 -7.83153623e-02 -7.63742924e-02 -1.49127124e-02 -6.33799210e-02
  6.84679598e-02  6.51172101e-02 -1.89465042e-02  1.35318683e-02
  1.97406858e-02 -8.46316591e-02  1.95271764e-02 -2.16850098e-02
 -2.23079845e-02  9.27632004e-02 -2.98552718e-02 -8.51252452e-02
 -4.58556637e-02  5.41479774e-02  2.95968466e-02  4.16852310e-02
  7.65364766e-02 -9.56918637e-04  8.31475295e-03 -1.69968642e-02
  6.30232394e-02 -7.81022310e-02  6.42997995e-02 -2.82697100e-02
 -4.15843539e-02  4.32840809e-02 -1.24082090e-02 -1.32412678e-02
  1.43152833e-01 -2.90764961e-02 -2.30699349e-02  2.12139431e-02
  7.91268051e-02  8.25889632e-02 -2.37031616e-02 -1.60402775e-01
  8.46293420e-02  2.23584231e-02 -4.72757220e-02 -3.09358910e-02
  7.41861612e-02  3.28638516e-02 -1.08036824e-01  3.56183898e-33
  6.37460127e-02 -7.89270923e-02 -1.42071843e-02  4.67851534e-02
 -3.38028297e-02 -9.97224376e-02 -8.71530175e-02 -1.53169828e-02
 -6.72620758e-02 -1.44445170e-02 -1.89457908e-02 -2.75893579e-03
 -2.16035526e-02  3.34533378e-02  4.81978320e-02  3.10433097e-02
 -5.23176268e-02  4.91667241e-02  5.94909070e-03 -1.92273930e-02
 -6.53358027e-02 -4.61444929e-02  4.05022735e-03  4.62929010e-02
  3.89845520e-02  1.19665256e-02 -2.53151748e-02  8.37963521e-02
 -1.20731071e-02  1.82942916e-02 -3.52554284e-02  1.67478658e-02
  2.40155775e-02 -9.61564928e-02  8.03628063e-05  3.42627540e-02
 -3.39761898e-02  2.48450860e-02  1.94413364e-02  1.18189091e-02
  2.26969905e-02  6.45776791e-03  3.65880840e-02  7.92223439e-02
  6.95989234e-03 -4.75755846e-03  1.23534255e-01 -5.32587953e-02
 -6.12453967e-02 -1.17343813e-02  6.71634683e-03 -3.39129977e-02
 -1.32048922e-02 -5.90343885e-02 -2.35778112e-02  5.77509664e-02
  4.94057685e-03 -6.29876647e-03  4.38031321e-03 -1.38622578e-02
 -5.36730364e-02  5.71773276e-02  1.28415879e-02  8.97976086e-02
  1.22264698e-01 -6.57873452e-02 -7.81108113e-03 -1.09152533e-01
 -5.73948808e-02 -6.49812892e-02 -3.48295085e-02 -7.90662467e-02
  2.69893813e-03 -3.94669138e-02  1.52335847e-02 -1.07632592e-01
 -2.49838196e-02  6.49444610e-02 -3.35216112e-02  3.45093347e-02
 -4.29788791e-02 -3.75970155e-02  2.83890422e-02 -1.83127206e-02
 -5.35726314e-03  3.88083160e-02  1.59448348e-02  8.94673727e-03
 -6.56392798e-02  1.13341548e-02 -3.35008614e-02  4.87810746e-02
 -6.25988981e-03 -4.16235365e-02  4.88569252e-02 -1.59147078e-08
  4.17803638e-02  4.50845659e-02  8.31831153e-03  2.17398293e-02
  1.33335320e-02 -1.05622243e-02 -5.52042350e-02  3.60973850e-02
 -7.28226127e-03 -2.91855000e-02  3.08513381e-02  3.90537344e-02
 -2.46767700e-02  2.83314520e-03  9.35408995e-02 -4.34920145e-03
  6.73253685e-02 -2.05812249e-02 -2.14521065e-02  7.57679641e-02
 -2.22362783e-02  6.42561242e-02 -1.68118847e-03 -3.15757394e-02
 -3.97701338e-02  3.18999738e-02  5.81328850e-03  8.06735177e-03
  1.16286092e-01  2.90439054e-02 -9.86827724e-03  8.96691680e-02
 -9.82693806e-02  4.46024463e-02  6.05873764e-02 -7.51628131e-02
 -1.02582835e-02 -6.81300759e-02  1.45396804e-02 -1.02333792e-01
 -1.02699988e-01  4.82779257e-02  8.31443910e-03  2.38104584e-03
 -9.62820053e-02  8.43084455e-02  6.34762496e-02  3.84710319e-02
 -2.76225749e-02  6.84442446e-02 -3.70223261e-02  2.36950330e-02
  4.27082591e-02  9.21643153e-03  2.74072029e-02 -2.28777304e-02
  2.80584618e-02 -8.12139064e-02  7.18259364e-02 -6.22268301e-03
  7.15217143e-02  1.15078222e-02 -1.22435438e-02 -2.57070735e-02]

Sentence: Pizza is my favorite food.
Embedding: [-6.07779659e-02  2.69155297e-02  2.96868756e-02  8.37024525e-02
 -8.44714865e-02  2.61384994e-02  5.13605326e-02 -2.49900259e-02
  3.01066265e-02 -6.98453635e-02 -3.71441059e-03 -4.43709791e-02
  1.13458885e-03 -1.42789278e-02  5.64537868e-02 -1.04192801e-01
  1.59020409e-01  1.12451511e-02 -1.61258725e-03 -3.41667458e-02
 -9.94562879e-02 -2.03759149e-02  1.79525763e-02 -1.34748993e-02
  1.70857087e-02  1.06917389e-01  5.47929220e-02 -1.83091480e-02
 -7.44169280e-02 -6.27603233e-02 -6.56846166e-02  5.75140081e-02
  3.06413714e-02  3.25239357e-03  2.99442257e-03  3.33777368e-02
  6.02626204e-02 -9.82295424e-02  4.56078313e-02  1.67498961e-02
  5.95016778e-02  2.65058391e-02  1.18909754e-01 -2.35643536e-02
 -2.21603233e-02  2.27006823e-02 -2.25570463e-02 -1.16868541e-02
  3.50325294e-02  3.95318456e-02 -1.36705711e-02  3.22752260e-02
  1.47649273e-02 -5.51871350e-03  1.07924668e-02 -9.17391269e-04
 -5.77309402e-03 -2.49380209e-02 -8.57613515e-03 -2.78402474e-02
 -4.78090905e-02 -3.59585173e-02 -2.59292945e-02  7.85148591e-02
 -4.11320440e-02 -3.20883617e-02 -7.34345708e-03 -1.16765834e-02
 -1.18120253e-01 -1.01461476e-02 -6.48514107e-02  1.18111588e-01
  5.79967983e-02  6.75897002e-02  4.42911498e-02  4.96752746e-02
  6.20186254e-02 -1.06461532e-01  1.03347225e-03  9.54750739e-03
  1.99024454e-02 -6.69737011e-02 -8.84957761e-02  1.22063458e-02
 -1.24267526e-02 -4.04992513e-02 -2.12865956e-02  7.78055787e-02
 -3.59320454e-02 -2.92502902e-02  3.28150466e-02 -4.08620238e-02
 -6.17529713e-02  3.15120332e-02 -8.35715905e-02 -2.91108657e-02
 -1.77457416e-03 -1.42168030e-02 -7.15563074e-02  1.00448029e-02
  2.01174766e-02  2.19145063e-02  3.21460851e-02 -5.17793894e-02
  2.62577292e-02  2.01198608e-02 -6.07571565e-03  3.71279083e-02
  3.91765237e-02 -7.76783470e-03 -3.66156846e-02  1.18244430e-02
 -1.54510548e-03 -3.06903776e-02 -3.71183418e-02  5.73846251e-02
  7.51926154e-02  8.54055048e-04  1.67576559e-02  5.95797831e-03
 -2.48897765e-02  4.18359190e-02  2.57591880e-03 -1.83803365e-02
 -3.45302820e-02 -6.32569715e-02  7.14307744e-03 -5.43522543e-33
 -9.15256962e-02  5.18150954e-03  4.33552414e-02  1.86001416e-02
  8.27598572e-03  2.18347777e-02  2.30554473e-02 -1.56315770e-02
 -3.04895472e-02 -7.48612434e-02 -3.14479433e-02  8.75775889e-03
 -1.80867761e-02  3.95420194e-02 -4.37002815e-03 -3.64229791e-02
 -2.55706813e-03  2.60034017e-02 -5.60245998e-02 -4.28892002e-02
 -1.36419917e-02 -8.42232481e-02  1.59148686e-02  4.46335599e-02
 -2.55583506e-02 -6.10286854e-02  1.83224343e-02 -2.48445421e-02
 -7.97268078e-02 -2.24443199e-03  5.30177169e-02  5.10072410e-02
  1.84617788e-02  3.58144119e-02  2.32286919e-02  1.35098891e-02
 -5.59406690e-02 -2.24392973e-02 -6.04372546e-02  5.78937419e-02
  1.34496028e-02 -4.34787525e-03 -3.62267122e-02  1.52727691e-02
  2.54094489e-02 -1.45714115e-02  1.36660188e-02  3.41581702e-02
 -2.93674339e-02 -3.47567946e-02  3.45329866e-02 -1.49422493e-02
  7.20207244e-02  6.97641540e-03 -7.25636957e-03 -4.88574393e-02
  8.09949636e-03  3.81783978e-03 -4.81283776e-02 -2.69692857e-02
 -1.87722091e-02  1.26418725e-01  3.22134495e-02 -2.63983216e-02
 -2.20975168e-02  9.18455794e-02 -1.38649540e-02  3.62885855e-02
 -8.99741519e-03  1.76351685e-02  5.39964996e-02 -4.02588882e-02
  4.13713269e-02  4.46871622e-03 -5.14484569e-02  1.12949414e-02
  3.26825539e-03 -2.55204085e-02  4.45700847e-02 -1.08987307e-02
  9.58734080e-02 -5.45358658e-02  9.67792273e-02 -5.99868707e-02
 -2.46248245e-02  3.63685004e-02 -1.00553343e-02 -1.02700241e-01
  1.01126917e-02  1.45012336e-02 -2.50396915e-02 -9.45195258e-02
  1.04417302e-01  1.70406513e-02 -7.30172917e-02  3.23901554e-33
 -1.42168114e-02  6.93107257e-03  6.60024062e-02 -9.09426995e-03
 -3.31596360e-02 -6.38488457e-02 -4.17901203e-02 -5.86065948e-02
 -4.41872254e-02 -2.14524139e-02 -1.24802571e-02 -5.70316194e-03
  3.07773221e-02  1.12492535e-02  1.35921091e-02  9.24917161e-02
 -1.43459078e-03  1.59006789e-02 -1.78325530e-02 -1.32970084e-02
 -6.99045584e-02  4.10170294e-03 -8.56442675e-02  5.84565178e-02
  4.88412241e-03  2.94349752e-02 -3.84780765e-02  5.52632250e-02
 -3.25267501e-02  1.76041685e-02 -4.26897444e-02 -2.45464370e-02
 -3.13839577e-02 -1.11743316e-01  1.88289545e-02  1.03016965e-01
 -5.48496991e-02 -6.65614903e-02  7.84665644e-02  3.05848364e-02
 -6.36584237e-02 -1.11567304e-02  9.26858634e-02  1.59701347e-01
  2.35041250e-02  5.14788413e-03  1.97603740e-02 -6.09287396e-02
 -8.00367072e-02  4.32120897e-02 -7.23712444e-02  3.80735146e-03
  1.81859303e-02  4.35780734e-03  9.31256637e-02  8.25548470e-02
 -5.36227459e-03  3.53499241e-02 -6.43503219e-02 -1.48795083e-01
 -8.46942216e-02  3.51685360e-02  7.60630984e-03  1.24456972e-01
  1.26158491e-01  3.22348028e-02 -1.95906945e-02 -9.92450789e-02
 -4.63775732e-02  4.77194488e-02 -5.62753901e-02  8.28945339e-02
 -5.43551184e-02  1.52271544e-03 -4.83725630e-02 -9.81480926e-02
  1.84614044e-02  4.28158455e-02 -4.82455455e-02  3.19294296e-02
  9.05457065e-02 -1.48316044e-02 -5.74491806e-02  2.01300345e-02
  6.47496711e-03 -5.45243174e-02  5.19042313e-02 -2.06851587e-02
 -5.58565445e-02  1.88340209e-02 -1.71249695e-02  6.23379312e-02
 -4.04120125e-02  6.90032262e-03  7.37624615e-02 -1.48793031e-08
  5.94601408e-02 -5.13585545e-02 -4.73609045e-02  4.40954790e-02
  4.15839702e-02 -4.39100713e-02 -4.44041267e-02 -6.99187070e-02
 -6.37742551e-03  3.32198292e-02 -1.76464897e-02  9.17756185e-02
  4.89843497e-03  2.53597833e-02  5.17412722e-02 -3.60826515e-02
  9.80582386e-02 -8.00192207e-02  6.43423945e-03  1.35227025e-01
 -2.44280118e-02 -4.35555261e-03  2.69763675e-02 -8.62726383e-03
  2.71483492e-02 -1.83492508e-02  3.64313088e-02  1.68572441e-02
  1.15492433e-01  4.94790673e-02  2.62071807e-02 -3.73619199e-02
 -2.21448974e-03  4.57034484e-02  8.22144467e-03 -1.01205334e-02
  2.58157328e-02 -9.18446258e-02  5.33064939e-02 -6.15736544e-02
 -1.89992459e-03  4.96676308e-04 -8.74689966e-02  5.02487458e-03
 -1.27389565e-01  2.71359254e-02  7.83191435e-03 -5.15404791e-02
 -5.58888949e-02  5.76636419e-02 -5.69888949e-03  1.24369683e-02
  7.42372051e-02  2.05900315e-02  9.98139828e-02  3.95715460e-02
  1.29960189e-02  1.12682030e-01  4.17260192e-02  8.87573808e-02
  2.13380437e-02  7.07182810e-02  1.43374782e-02 -4.85514142e-02]

Sentence: I want to learn Python programming.
Embedding: [-4.36458662e-02  8.14384315e-03 -4.07473929e-02  6.23127483e-02
 -6.11323863e-02 -1.49192035e-01 -2.46919151e-02  6.99828416e-02
 -6.02695271e-02  1.28891394e-02 -3.40217873e-02  4.08954173e-02
  5.04011847e-02  1.37594929e-02  4.54811268e-02 -4.05268446e-02
 -5.67937344e-02  3.62091698e-02  7.28932321e-02 -1.05820075e-01
  1.13438675e-03  3.18640918e-02  2.38803774e-02 -1.73928570e-02
  1.29727824e-02 -3.67141329e-02 -1.49385317e-03  1.43853091e-02
  2.60591228e-02 -2.84389276e-02 -6.25635982e-02  4.47303914e-02
  9.43501387e-03  1.55262742e-02  3.06902882e-02  2.62604207e-02
  3.49474028e-02 -9.04867500e-02 -1.69665255e-02  6.47149011e-02
 -3.55935805e-02  3.34443972e-02 -5.42772375e-02 -7.24807829e-02
 -2.80197412e-02  3.04917432e-02 -4.70523313e-02 -2.34726295e-02
  8.39554071e-02  4.00543120e-03 -6.45924211e-02  2.21848954e-02
 -5.79304919e-02 -6.29669279e-02  1.17648961e-02 -1.95554867e-02
  7.86341876e-02 -2.24398784e-02  4.84869108e-02 -1.32118434e-01
 -3.90857905e-02 -1.54777765e-02 -4.56805155e-02  6.61680922e-02
 -2.69823261e-02 -4.32401709e-02  1.70158073e-02  8.39425698e-02
  1.16071984e-01 -6.61830157e-02 -9.68691185e-02 -3.61718945e-02
 -4.40475456e-02  2.31305882e-02  9.87657011e-02 -9.89589244e-02
  3.29072215e-02 -5.05828578e-03 -2.18150322e-03  3.18964124e-02
 -2.23104302e-02 -2.24074200e-02 -3.97175178e-02  5.83378077e-02
  6.93193078e-03 -6.09469526e-02  5.80164380e-02  1.55370444e-01
 -8.11658986e-03  1.02493837e-02  7.32280463e-02 -4.41576168e-02
 -2.89748460e-02  6.17548823e-02 -5.32790199e-02  1.00328855e-01
  1.31221684e-02 -4.08118665e-02 -2.62802537e-03  4.71352041e-02
 -2.20523085e-02 -1.45270973e-01  2.50816327e-02  1.26623539e-02
  3.95018943e-02  4.56359535e-02  6.10379279e-02 -2.44928501e-03
  5.26833571e-02 -3.42219323e-02 -4.30258028e-02 -5.85523397e-02
 -1.74239241e-02 -3.69602852e-02  6.78401664e-02  8.55043828e-02
  7.11990753e-03  7.48410970e-02  4.81311865e-02  2.27618180e-02
  2.05492973e-02  2.17750687e-02  8.74600280e-03 -2.40242667e-02
 -6.38593780e-03 -8.79965052e-02 -4.31902111e-02 -5.68577911e-33
 -3.62100713e-02  4.61103860e-04  1.93970166e-02 -2.64757127e-03
  5.42854294e-02 -1.73860311e-03  1.07795261e-01  3.44337709e-02
 -5.18990532e-02  4.10829391e-03  5.48474938e-02  4.65568826e-02
 -5.30767860e-03  5.77436574e-02 -9.47850198e-03 -2.77740043e-02
 -1.66781712e-03  6.94695413e-02  2.92114560e-02  5.69918863e-02
  5.52897118e-02 -1.63376983e-02  3.31304707e-02  3.26612741e-02
  2.07380522e-02 -1.26777356e-02 -1.96038280e-02 -3.27159762e-02
  2.65532471e-02  3.10404375e-02 -6.61771968e-02 -3.73782148e-03
 -6.54406548e-02  2.33941432e-02  2.80973222e-02 -4.06667998e-04
 -3.52289788e-02 -3.22244987e-02  1.50549375e-02 -2.00037826e-02
 -9.64258984e-03  4.43374030e-02  4.05453295e-02 -6.12628274e-02
 -3.89229227e-03  9.17047448e-03  1.18622920e-02  2.96506323e-02
 -2.53289677e-02  2.58552153e-02 -1.54153735e-03 -9.91116315e-02
  8.52798857e-03  5.70084434e-03 -7.12011009e-02  6.71095327e-02
  4.89652045e-02 -6.90549612e-03  1.13530606e-02 -3.50300260e-02
  2.20483951e-02  2.45410819e-02  6.58777580e-02 -1.77813265e-02
 -2.61102505e-02  5.16650304e-02  2.57607806e-03  5.70431314e-02
  2.96908561e-02  6.94990717e-03 -7.48248845e-02  4.61588874e-02
 -1.00101007e-03  7.29427766e-03 -4.10824008e-02  1.30941188e-02
  4.13826779e-02 -8.36803317e-02 -1.30426604e-03  7.41788894e-02
  1.30866831e-02 -3.78800277e-03  5.14944410e-03 -2.78663039e-02
  2.88346000e-02 -1.28649054e-02  4.34750989e-02  3.91319394e-03
 -3.61081515e-03 -6.07338920e-02 -5.39762937e-02 -7.05995336e-02
  2.02383902e-02  2.82014757e-02 -3.54797766e-02  2.76761439e-33
  4.02072147e-02  3.93803343e-02 -5.16905971e-02  8.03603418e-03
 -4.58927341e-02 -1.79282017e-02  7.38068596e-02  4.14680652e-02
  4.22460288e-02  1.27041554e-02 -1.73634663e-02 -2.10691430e-02
  6.26660734e-02  8.70627835e-02  2.69040260e-02  2.68053338e-02
 -7.52821118e-02  3.58826332e-02 -6.05819572e-04 -2.97424775e-02
 -1.27478525e-01  5.41153811e-02 -8.25177729e-02 -3.72902267e-02
 -8.96131061e-03 -7.26986602e-02  5.15277125e-03 -2.78962292e-02
 -1.59620233e-02  1.11939363e-01  2.41968520e-02  1.51838157e-02
 -1.10599369e-01  4.70225140e-02  3.05043031e-02 -9.25772917e-03
  1.79780293e-02  4.93655028e-03  6.87657716e-03  1.54201072e-02
  1.05120398e-01  3.31512056e-02  4.83802781e-02  5.29548638e-02
  4.62337676e-03  1.17456829e-02  4.35761511e-02  9.68313068e-02
  1.09831030e-02 -5.82601242e-02  2.25488171e-02  2.95559186e-02
  6.95349872e-02 -3.30412611e-02 -3.88788544e-02 -4.95270491e-02
  7.14307427e-02  4.16886061e-02 -5.33458125e-03 -6.22981749e-02
 -6.70502037e-02 -1.20393746e-02 -2.43707206e-02  7.46579766e-02
 -8.98440853e-02  4.10607755e-02 -1.41250670e-01 -7.49616511e-03
 -4.80063893e-02 -1.07866965e-01  5.75755239e-02  1.00608217e-02
  2.11830810e-02 -7.61743588e-03 -5.46222515e-02  2.74766120e-03
 -6.70076534e-02  3.96428257e-02 -7.51822218e-02  4.50626351e-02
  5.23628816e-02 -2.29311809e-02 -5.92435598e-02  8.37793723e-02
 -1.15308456e-01  3.51801254e-02  4.47694920e-02  8.16903636e-03
  1.70028433e-02 -2.89025567e-02 -5.40190339e-02  5.24139889e-02
  8.17813799e-02 -4.34372127e-02 -3.21842656e-02 -1.27318627e-08
 -4.53598276e-02  1.19206693e-03  1.05886184e-01  3.59484665e-02
 -5.40852845e-02  1.23069063e-01 -4.19610068e-02 -3.67419198e-02
 -4.70784605e-02  3.19947973e-02  8.82597920e-03 -4.98423874e-02
 -2.39609629e-02 -9.01241899e-02 -7.02890276e-04  1.37327313e-01
  4.81058098e-02 -3.42730880e-02  5.22907153e-02  4.25207987e-02
  3.01796421e-02 -5.61222397e-02 -2.29818746e-02  5.67505024e-02
 -8.00294429e-02 -3.95886190e-02  7.55920932e-02  2.39304081e-02
  9.40709189e-03 -8.08232874e-02  7.40132807e-03 -4.54465300e-02
 -1.83043275e-02 -3.67371440e-02  2.19900776e-02 -3.15905809e-02
 -3.89505327e-02 -8.78161713e-02  2.96544246e-02 -3.67226452e-02
 -3.67139056e-02  2.90073417e-02  5.60558066e-02 -1.21427160e-02
  3.89122113e-04  8.52141827e-02  1.22411398e-03 -1.01477794e-01
 -2.53446517e-03 -6.05499046e-03 -2.83773877e-02 -1.94712430e-02
 -3.18131745e-02 -7.02603906e-02  6.67775944e-02  7.47997537e-02
 -1.33509055e-01 -1.97552261e-03 -1.21229896e-02  7.73229497e-03
  6.28285902e-03  1.16575964e-01  8.66506994e-02  5.14702080e-03]

Sentence: Python is easy to learn.
Embedding: [-4.40605432e-02 -4.40209284e-02 -1.63599718e-02  2.93512624e-02
 -4.35813777e-02 -1.10008836e-01 -3.19285691e-02  4.38329205e-02
 -7.02105016e-02  1.92244146e-02 -4.76242136e-03  5.80194220e-02
  6.23870902e-02  5.00661656e-02  5.33353910e-02 -5.57221323e-02
 -6.73266426e-02 -3.32336384e-03  2.33322475e-02 -1.15686394e-01
 -3.80703434e-02  1.55037390e-02 -3.60383503e-02 -2.62518674e-02
  7.52924457e-02 -1.43607799e-02 -1.44254481e-02  4.82835397e-02
  4.19153124e-02 -3.05494685e-02 -4.65142131e-02  7.01745525e-02
  1.69933029e-02  6.22192537e-03 -1.76119637e-02 -1.34561863e-02
  9.06926021e-03 -1.59118082e-02 -6.65982366e-02  3.68463024e-02
 -4.09905836e-02  3.55272070e-02 -3.68079096e-02 -5.69856130e-02
 -6.59851707e-04 -5.90597419e-03 -9.33170691e-02 -2.06560753e-02
  4.59557921e-02  2.85250675e-02 -7.42004290e-02 -1.04109515e-02
 -8.11407492e-02 -3.15507241e-02  7.98485428e-03  9.07114521e-03
  6.61437809e-02  7.59994332e-03  1.49568748e-02 -1.26732916e-01
 -9.72808078e-02 -2.44515389e-02 -2.75300294e-02  4.97315563e-02
  3.25999409e-03 -5.26728807e-03  2.45481580e-02  6.78457096e-02
  7.94262066e-02 -8.39259699e-02 -1.43720090e-01  6.87493943e-03
 -2.08832994e-02  1.07274197e-01  7.28462338e-02 -8.85986313e-02
  2.79874336e-02 -3.89944389e-02 -7.39866216e-03  2.82969940e-02
 -6.66713528e-03 -2.77333353e-02 -1.66908670e-02  9.96615812e-02
  2.65622381e-02 -8.59469622e-02  1.25608584e-02  1.18539967e-01
  4.97581949e-03 -2.44865543e-03  8.61991495e-02 -1.60846265e-03
  4.58670035e-02  2.44680066e-02 -1.59905863e-03  7.41138384e-02
  5.02974205e-02 -4.69968095e-03 -6.23077452e-02  5.71851023e-02
  8.95992480e-03 -1.07449926e-01  1.15319211e-02 -1.65906660e-02
  2.21804287e-02  1.30737433e-02  1.11476324e-01 -6.30590245e-02
  5.13895340e-02 -4.54226770e-02 -1.90027207e-02 -6.42892271e-02
 -3.64734121e-02 -6.31057173e-02  5.11956960e-02  5.64171411e-02
 -1.10548483e-02  2.40149945e-02  2.94951480e-02  5.40828966e-02
 -1.45882862e-02  2.38435399e-02 -1.14513868e-02  1.11889821e-02
  1.58929676e-02 -5.36279082e-02  2.53011025e-02 -3.60752531e-33
  4.91215661e-03  6.41562715e-02  6.07362986e-02  2.27480233e-02
  2.91487556e-02 -8.24986026e-03  3.88864912e-02  8.71184189e-03
 -8.84616077e-02  5.09878600e-06  5.22329397e-02  8.72785673e-02
 -2.24947389e-02  2.83373371e-02  3.76041345e-02 -3.86222936e-02
  8.27432703e-03  1.24186940e-01  5.66683896e-02  4.29534027e-03
  3.68029252e-02  1.73683055e-02  6.24270439e-02 -5.95756527e-03
 -1.54462084e-03 -3.70097980e-02  2.41691060e-02 -1.79851316e-02
  5.35678230e-02  6.94381539e-03 -7.80427530e-02 -1.08564850e-02
 -6.55487329e-02  3.20166722e-02  1.42456470e-02 -5.41097187e-02
  2.33856179e-02 -9.82974023e-02  8.29091389e-03 -7.94038549e-02
 -8.39939266e-02  3.86674441e-02  5.16203605e-02 -1.96798593e-02
  6.88155787e-03  4.42183726e-02 -3.45931463e-02  1.45803550e-02
  1.45441359e-02  3.10194939e-02 -1.12083293e-02 -7.31048584e-02
  2.68577393e-02  3.99833918e-02 -5.79443350e-02  8.16150606e-02
  9.18292701e-02  4.51061688e-02  1.31319975e-02 -4.37246673e-02
  6.90511521e-03  8.10255408e-02  6.37527108e-02  2.56881732e-02
  5.28759230e-03  3.19438428e-02  5.26272543e-02  8.37481990e-02
 -1.32916896e-02  4.93593663e-02 -8.84475335e-02  1.09012676e-02
  8.18214938e-03 -5.01360260e-02 -2.76493537e-03  1.92308389e-02
  7.06787258e-02 -8.02594274e-02 -6.53929450e-03  5.71385622e-02
 -1.81432050e-02 -3.04890219e-02  1.67849194e-02 -5.88544607e-02
 -8.75520147e-03 -2.86733061e-02  2.35803854e-02 -1.62578616e-02
 -7.25400355e-03  8.93679261e-03 -4.76868376e-02 -2.95626409e-02
 -1.91233717e-02  2.74972152e-02 -8.68865754e-03  3.19734867e-33
 -4.00941372e-02 -8.65554716e-03  2.01877244e-02  7.15535432e-02
 -4.54889424e-02 -3.49354260e-02  1.88738760e-02  2.85348762e-02
  6.05227090e-02 -2.42807250e-02 -6.01217560e-02 -2.51370985e-02
  3.77447978e-02 -1.68149024e-02  7.09228441e-02  1.31578743e-02
 -7.14982376e-02 -5.93129499e-03 -7.34293973e-03  1.91692971e-02
 -1.12704799e-01  3.39027531e-02 -6.28232732e-02 -5.34401797e-02
 -6.07269332e-02 -2.81474348e-02 -2.59933956e-02 -1.60695873e-02
 -5.52128721e-03  6.08101040e-02 -1.34009961e-02 -1.06683224e-02
 -5.11436090e-02 -8.39531946e-04 -8.72437842e-03  3.18205878e-02
  4.32154015e-02 -4.32893494e-03 -1.66180022e-02 -3.49554308e-02
  5.66176400e-02  9.80761126e-02  1.81893930e-02 -2.30420902e-02
 -3.39738163e-03 -2.07521170e-02 -1.41423848e-02  6.84314445e-02
 -1.85238023e-03 -1.50837451e-02  1.52994795e-02  6.55921130e-03
  2.22782157e-02 -8.40655938e-02 -1.62615739e-02 -2.20422689e-02
  5.09966388e-02  1.21187763e-02 -5.22817113e-02 -4.89271246e-02
 -1.23639673e-01 -5.71672060e-02 -1.10684121e-02  3.63931954e-02
 -5.43733649e-02  4.42464165e-02 -1.32094875e-01  3.35883861e-03
 -6.77049235e-02 -6.33093938e-02  8.51671547e-02  5.12835123e-02
  2.29692385e-02 -8.85397103e-03 -2.12141685e-02  5.04448498e-03
 -4.85959761e-02  3.68150920e-02 -9.84121263e-02 -2.38467064e-02
  1.17951378e-01  1.43641388e-04 -4.47619241e-03  5.66551052e-02
 -7.03858361e-02  5.45450449e-02  5.46061434e-02 -1.94632951e-02
  5.04723266e-02  1.02497134e-02 -6.31484985e-02  8.54725093e-02
  1.34386584e-01  4.66935858e-02 -3.34894396e-02 -1.23685675e-08
  5.88228088e-03 -6.16544113e-02  1.13538519e-01  1.05894571e-02
 -6.67168424e-02  9.41553041e-02 -2.41311472e-02  2.98449341e-02
 -5.35902418e-02  4.92274947e-02  1.42468093e-02 -6.40358254e-02
 -7.19510168e-02 -7.60352286e-03 -3.04943006e-02  1.65598243e-01
  8.59364569e-02 -1.44022061e-02  7.98700098e-03  6.91306740e-02
  4.17935699e-02 -1.07975313e-02  2.31771804e-02  8.76128897e-02
 -6.09221384e-02 -1.99612286e-02  2.70176819e-03  1.39188441e-02
  4.13198099e-02 -5.09358272e-02 -1.46898977e-03 -4.32188921e-02
  9.87873692e-03  4.78129415e-03  1.01208963e-01  4.05152179e-02
 -1.52170714e-02 -5.49400263e-02 -4.99936603e-02  5.94400859e-04
 -3.20211537e-02  4.29149717e-02 -3.39910691e-03 -1.87478866e-02
  8.58474150e-03  8.16304237e-03  1.43900793e-03 -1.28962368e-01
  3.29806134e-02 -3.16391438e-02  4.83547002e-02 -1.18719507e-02
 -3.92063893e-02 -4.05514799e-02  6.12678453e-02  5.01827411e-02
 -4.40373197e-02 -1.38416933e-03  2.88822111e-02  8.78431648e-02
 -2.01685075e-02  1.60902038e-01  1.14022732e-01  3.23354043e-02]

Sentence: Artificial intelligence is changing technology.
Embedding: [ 3.22033465e-02 -2.09383070e-02  7.99497440e-02 -7.11284520e-04
  4.32812162e-02 -2.53090262e-02 -1.78739037e-02  2.01739743e-02
  1.16996802e-02  4.76734852e-03 -1.12714013e-02  6.01687022e-02
 -1.99514572e-04  2.17877217e-02 -1.63039658e-02 -4.70280461e-03
 -3.65216322e-02 -6.93667755e-02 -8.81088898e-02 -4.87134382e-02
  4.02289964e-02  1.21921711e-02  4.62053856e-03 -4.84213158e-02
  2.46344730e-02  2.15004887e-02 -1.10509973e-02 -6.74150735e-02
 -2.77286656e-02 -2.92374361e-02  4.94519761e-03  9.17937160e-02
  6.93373382e-03  3.67035344e-02 -4.82889190e-02  2.65236534e-02
 -2.26346147e-03  4.82132360e-02  4.24135365e-02 -2.69311052e-02
 -2.79939510e-02 -9.42035988e-02 -1.04369782e-02  1.26312170e-02
  7.39210472e-02  1.21958636e-01 -7.53224418e-02 -2.19542533e-02
 -7.81780016e-03  4.10886807e-03 -1.70243829e-01 -4.77975793e-02
  3.88381369e-02 -5.92890903e-02 -3.47247347e-02  1.12548983e-02
  8.70242044e-02  2.99267806e-02  4.12816368e-02 -1.83849391e-02
  2.30895542e-02 -3.19311358e-02  5.60039133e-02  6.33067265e-02
  6.48085475e-02  2.46307943e-02 -6.96538016e-02  1.98540022e-03
 -1.19690960e-02  4.46588201e-05  1.68312769e-02  9.98768210e-02
  5.60022891e-02  2.03353278e-02  4.59467843e-02 -6.99894875e-02
  1.79210249e-02  7.44781345e-02  1.37279317e-01 -5.89039400e-02
  1.76371504e-02 -5.35913892e-02 -6.29620906e-03  9.59428214e-03
 -1.72875728e-02 -2.10593864e-02 -4.66101989e-02 -8.97033513e-03
 -3.36259045e-02 -7.43958429e-02  2.21675970e-02 -5.45520848e-03
 -1.40427258e-02 -1.58982840e-03  1.46465341e-03  2.04340136e-03
 -4.62991595e-02 -6.06946312e-02  2.14598905e-02  3.90959606e-02
 -8.48422125e-02  5.54695018e-02  1.05242617e-02  1.76621799e-03
  1.74204540e-02 -2.54917741e-02  7.71899372e-02  9.46726464e-03
  4.10402715e-02 -8.30350369e-02  1.29247103e-02  3.36164534e-02
  1.84851829e-02 -7.48086721e-02 -6.24223687e-02  3.84536535e-02
 -2.10893210e-02  1.29763439e-01 -1.40733307e-03  8.70135352e-02
  2.91121192e-02  2.34312993e-02 -6.06026798e-02  1.86118223e-02
  2.12399140e-02 -4.65250537e-02 -8.75667781e-02 -3.25518998e-33
 -7.68513680e-02  1.00430595e-02  2.93743201e-02  8.13848600e-02
 -4.32144888e-02 -5.22779599e-02 -8.19274224e-03 -1.27792396e-02
 -4.86571202e-03 -7.80548900e-02 -2.12727599e-02  1.46940339e-03
 -5.60410619e-02  7.36960210e-03  1.17516696e-01 -8.36595371e-02
 -6.45442754e-02  6.39185607e-02  7.57935569e-02 -5.28269857e-02
 -6.90075988e-03 -2.54327115e-02 -1.29421102e-02 -2.35977843e-02
 -1.92715209e-02  5.09065352e-02  3.70534547e-02 -1.81286540e-02
  2.71255784e-02 -1.98882483e-02  1.06095495e-02  9.32582468e-02
 -4.43201736e-02 -1.06764985e-02  2.74454411e-02 -3.95947928e-03
 -1.27836624e-02 -5.39010353e-02  2.73970533e-02  6.40991852e-02
 -4.50345911e-02  2.52701305e-02 -3.78886051e-02 -2.73417085e-02
  2.02026013e-02 -2.45254207e-02  8.84160250e-02 -5.15445583e-02
 -3.50624323e-02 -3.58527377e-02 -5.02909608e-02  5.65897226e-02
  4.32180427e-02 -7.94345364e-02  1.15517437e-01 -5.84283285e-03
  2.17892928e-03  2.62547620e-02  6.44509867e-02 -4.77179922e-02
  3.66929509e-02  9.90774296e-03 -1.47948200e-02  9.39698070e-02
  3.44585218e-02  1.13178447e-01  4.50927131e-02  5.48678078e-02
  6.45399615e-02  1.16400704e-01  2.49524731e-02  2.09631082e-02
 -6.11054935e-02  2.18554027e-02 -8.38454515e-02 -2.05138791e-02
  3.56533355e-03 -8.74826685e-02  9.00532678e-03 -6.21349178e-02
 -7.28233755e-02  1.64761115e-02 -2.69722845e-02 -6.43803254e-02
  7.18685687e-02  1.61675809e-04 -7.03234272e-03 -4.48249690e-02
  2.49377862e-02  3.43783200e-02 -1.10189412e-02 -5.21109104e-02
  2.60328432e-03  7.09629133e-02 -3.43398540e-03  2.06891340e-33
 -1.29589215e-01 -3.60937254e-03 -1.08407736e-01  6.46221936e-02
  6.09897636e-03 -1.57375317e-02  6.36433735e-02 -1.13063920e-02
  2.14619804e-02  6.20289259e-02  2.76914276e-02 -1.61547922e-02
 -1.76523402e-02  1.14983814e-02  2.90143699e-03  1.45829506e-02
 -1.24631505e-02 -2.16607731e-02 -4.73651430e-03  4.19542901e-02
  1.09120756e-02  1.15598835e-01 -8.92994106e-02 -1.80782983e-04
  1.15438374e-02  3.61561440e-02 -2.66441312e-02  3.54775116e-02
  5.92256105e-03  1.73943285e-02 -7.10059553e-02 -5.45096360e-02
 -5.16338311e-02  1.23435281e-01  3.60835306e-02  1.05439369e-02
  2.94835567e-02 -6.89707771e-02 -5.54480553e-02  3.38251032e-02
  5.35650086e-03 -2.40798257e-02 -5.18230125e-02 -1.20482109e-02
  1.94230136e-02  4.28945431e-03 -4.90223505e-02  7.20333382e-02
 -2.71952525e-02 -3.14271115e-02  7.62319639e-02 -5.89248985e-02
  2.62484998e-02 -1.39693812e-01 -7.61414170e-02  9.63030905e-02
 -6.95017027e-03 -2.45997850e-02 -7.80785084e-02  7.11438805e-02
 -1.11244777e-02 -8.39637965e-02  5.02828360e-02  5.29958052e-04
 -6.72151754e-03  5.90935759e-02 -9.51019395e-03  9.46153328e-02
 -4.73365597e-02 -5.60668744e-02  6.62594438e-02 -3.80044952e-02
 -4.43985313e-02 -1.09757704e-04 -2.20447127e-02 -5.82577065e-02
 -5.09613827e-02 -3.02729588e-02 -5.07438965e-02 -1.07303234e-02
  3.91679034e-02 -2.24188790e-02  3.25613543e-02  4.19053510e-02
 -1.06697856e-02  9.91446078e-02 -7.36349216e-03  2.59470679e-02
 -7.17324466e-02 -3.76235954e-02 -1.01826705e-01 -1.32010772e-03
 -9.81194712e-03  4.00369726e-02 -1.49092689e-01 -1.43954155e-08
  1.13241337e-02 -4.15550284e-02  7.29861110e-02  7.65991816e-03
  8.15607384e-02  9.44377389e-03 -2.75992006e-02  1.74970422e-02
 -4.18401882e-02  7.15180184e-04  1.78791508e-02  3.23792621e-02
  8.81988630e-02  3.85414138e-02  1.00486763e-01  6.44322410e-02
 -7.13151135e-03 -1.27855077e-01  5.65644354e-03  1.22826165e-02
  3.88881564e-02  1.20378612e-02  2.05603056e-02  2.70757247e-02
 -1.74905937e-02 -4.77523766e-02 -2.52747815e-02  2.38877293e-02
 -2.79372595e-02  4.03190926e-02 -6.20650947e-02 -2.08111312e-02
  4.69724536e-02  5.16068786e-02  8.38620290e-02  5.30891679e-02
 -1.67740427e-03 -5.50214462e-02  8.43893678e-04 -2.44724527e-02
  8.19690246e-03  6.33126348e-02 -9.10634771e-02  5.15544303e-02
  4.93963920e-02 -3.50109786e-02  3.86817120e-02 -5.41357771e-02
  2.67481133e-02 -1.09416842e-02 -1.04721244e-02  4.52251956e-02
  2.11343775e-03  2.41402797e-02  1.35900781e-01  4.11412306e-03
  3.77832837e-02 -1.60271619e-02 -3.00469100e-02  1.14518292e-01
  2.52240263e-02 -3.93174887e-02  8.04613754e-02 -4.82429005e-02]

Sentence: Machine learning is a part of AI.
Embedding: [ 6.60172082e-04 -2.48689111e-02  7.73981661e-02  2.73071658e-02
  5.03637865e-02 -1.27138682e-02 -4.56943735e-02 -3.02613024e-02
 -2.44185403e-02  1.16091152e-03 -6.53675124e-02  3.94703485e-02
  4.95339222e-02 -4.76682484e-02 -2.48569110e-03 -1.05253495e-02
 -5.47367781e-02 -1.04536135e-02 -9.47533101e-02 -7.70464838e-02
  1.05866445e-02  2.77414583e-02 -2.93211434e-02 -2.76167952e-02
  1.59832388e-02  4.64791805e-02  5.60159050e-03 -6.98022498e-03
  4.60404437e-03  2.84053106e-02  3.62782963e-02  1.09698316e-02
  2.09616628e-02  2.12106425e-02 -6.61584362e-02  5.64727187e-02
 -2.97117159e-02  3.11990604e-02  6.85126409e-02 -1.07970107e-02
 -3.33513017e-04 -1.50313219e-02 -2.71279067e-02  1.02384053e-02
  9.46520567e-02  9.43330303e-02 -7.27026984e-02 -8.29208791e-02
 -4.14075702e-02  2.88820844e-02 -1.19632840e-01 -3.77700925e-02
  5.99079486e-03  1.99498460e-02 -2.30729319e-02  5.58733232e-02
  4.97937724e-02 -1.45487003e-02  2.44583841e-02  1.16826668e-02
  2.09863894e-02 -8.57430845e-02 -1.95942391e-02  7.42887259e-02
  1.34251371e-01  2.80422810e-03 -4.29150239e-02 -1.22169191e-02
 -3.40381749e-02 -5.79629391e-02  4.05837297e-02  9.33520123e-02
  4.12568785e-02  1.01455808e-01  3.45450379e-02  1.87432002e-02
  4.05862927e-02  6.31463621e-03  1.22857407e-01  1.48497196e-02
  3.29677970e-03  1.02639673e-02  2.00939109e-03  9.03870240e-02
  3.49504761e-02 -5.58878370e-02 -1.79516966e-03 -3.26455347e-02
 -3.53358388e-02 -1.83834042e-02 -1.94297675e-02 -7.42491484e-02
  9.81218740e-03 -5.99827804e-02  4.53257896e-02 -1.16402283e-03
 -4.01491672e-02 -6.41656443e-02  3.16737895e-03  1.04823057e-02
 -8.91468897e-02  1.80099737e-02  2.66625602e-02  2.50134766e-02
 -1.40736718e-02 -2.13275366e-02  3.39796618e-02 -1.17490254e-03
  8.39900151e-02 -1.09157227e-01 -6.54961094e-02  4.63807955e-02
  5.67590408e-02 -6.17308877e-02  1.37950829e-03  1.40998838e-02
 -2.21280102e-02  2.26618871e-02  4.84643504e-02  5.23315854e-02
 -4.86518480e-02 -8.23690090e-03  6.50483416e-03  8.77814591e-02
  5.26685007e-02 -1.28833920e-01 -7.39709884e-02 -4.26749045e-33
 -5.78658320e-02 -6.27742931e-02  5.12924381e-02  2.56266966e-02
  1.46092456e-02 -8.63119364e-02 -3.07759549e-02 -5.89343272e-02
  1.69881284e-02 -1.45372450e-02 -6.48966804e-02  2.34957524e-02
  9.02257860e-04  1.62990782e-02  4.86214757e-02  2.55603064e-02
 -3.11095663e-03  8.40145051e-02 -1.25310232e-03 -6.03708737e-02
  2.66548675e-02 -5.25942110e-02  1.34594208e-02 -1.35705518e-02
 -4.59515043e-02  3.84745710e-02  5.66797480e-02 -1.74840656e-03
  4.13710717e-03  2.51823179e-02 -3.57297342e-03  7.05622733e-02
 -9.47037116e-02  1.64664090e-02  1.14246570e-02  2.71074064e-02
  1.34646185e-02  2.05840860e-02 -3.59242931e-02  5.82740866e-02
 -2.27426477e-02 -4.82862815e-03  2.48925108e-02 -6.65219054e-02
 -4.09469977e-02 -2.21252702e-02  4.93161306e-02 -9.59595591e-02
  1.96814258e-02 -3.32587622e-02 -5.40177040e-02 -1.12396888e-02
  5.69300316e-02 -8.24493319e-02  5.71604706e-02  7.97469690e-02
 -1.03281289e-02  6.62848260e-03 -2.45214216e-02 -1.67236719e-02
  3.20164510e-03  3.20507661e-02  1.99185107e-02  8.30604434e-02
 -3.04791871e-02  9.14067626e-02  2.71769334e-02  3.49597558e-02
  7.78888613e-02  2.84385402e-02  6.88978052e-03  5.76866185e-03
 -2.29818793e-03 -1.44399777e-02 -2.44426038e-02 -3.46289612e-02
  2.95055769e-02 -2.57383343e-02  1.24002481e-02  2.37183943e-02
 -7.60302171e-02 -6.65067136e-02 -7.31002986e-02 -5.15118055e-02
  2.01125201e-02 -3.63925961e-03 -7.94402137e-03 -6.33843914e-02
 -5.04427291e-02 -1.52028101e-02 -1.22172274e-01 -1.05242645e-02
  8.82881926e-04  2.14249343e-02 -6.33450076e-02  1.37498309e-33
 -1.30149439e-01 -1.72734167e-02 -3.19845192e-02  4.72844243e-02
 -5.93446335e-03 -5.27941482e-03 -5.23439609e-02 -3.41059528e-02
 -2.46846136e-02  7.85631612e-02 -6.91527426e-02  7.20147043e-03
 -3.15619744e-02  2.93591321e-02 -3.01678311e-02  7.28622125e-03
 -1.50239067e-02  7.05948146e-03 -2.37507117e-03  1.94079932e-02
 -9.90050565e-03  8.54521319e-02 -8.19972716e-03 -4.02545976e-03
  4.40298095e-02  3.42866555e-02 -7.89689422e-02  6.98217973e-02
 -1.66145265e-02  7.50327706e-02 -3.77699621e-02 -9.87767614e-03
 -1.10466748e-01 -3.24831181e-03 -3.85796838e-02  3.83393615e-02
  3.87918912e-02 -3.39769013e-02  5.10380836e-03  3.80020328e-02
  1.34465517e-02 -4.81903879e-03 -5.57312779e-02 -3.60860564e-02
  1.05292173e-02 -7.14742541e-02  2.99435891e-02  8.76004249e-03
 -3.60642094e-03 -3.97019237e-02  9.69142374e-03  2.99658962e-02
  1.87496319e-02 -5.57062067e-02 -8.70209262e-02  5.97952455e-02
  2.20837612e-02 -1.86888757e-03  2.04334259e-02  8.51135477e-02
 -1.23459645e-01 -4.52120677e-02  1.02898590e-02  2.13121474e-02
  3.52680199e-02  1.88367311e-02 -3.14827100e-03  8.14288482e-02
  1.52276773e-02 -7.14527816e-02  8.37032497e-02  6.79403171e-02
 -3.96814272e-02  1.14446230e-01 -6.25676289e-02 -5.81952371e-02
 -3.80420014e-02 -3.25396508e-02 -2.04143468e-02 -2.98589263e-02
  5.52901179e-02 -1.23348430e-01  3.15412134e-02  2.88728178e-02
 -2.00263262e-02  2.56450437e-02  4.99243196e-03 -4.79182675e-02
 -2.88584270e-02 -5.04670069e-02 -7.28524551e-02  7.82349147e-03
 -3.73249911e-02  6.29803464e-02 -1.37608737e-01 -1.45783785e-08
 -7.63253169e-03 -2.83595268e-02  1.48608804e-01 -4.38453890e-02
  9.71838087e-02  1.13947190e-01 -2.89601404e-02  1.14276238e-01
 -5.89436367e-02  1.47305094e-02  4.99311760e-02  3.65164950e-02
 -3.50541323e-02  1.24817183e-02  4.34194393e-02  1.68172270e-02
  3.24223191e-02 -1.25833731e-02 -2.43127253e-02  6.41291812e-02
  9.96444970e-02 -2.12448388e-02  1.95998559e-03 -3.58805284e-02
  6.84293583e-02 -9.13177952e-02 -1.17178261e-02  5.51774167e-02
 -5.83242886e-02  2.72606518e-02 -5.24473079e-02  5.46971709e-02
  3.10695264e-02  4.84992340e-02  1.22345962e-01  1.04782730e-01
  5.36329970e-02 -9.90212187e-02 -6.27728403e-02 -2.72714049e-02
 -4.21809256e-02  1.10250592e-01 -2.96061602e-03  1.80619117e-02
  4.36450914e-02  5.62551245e-02 -2.45669880e-03 -8.51145461e-02
  4.71690483e-03  9.58663039e-03  4.75045927e-02  4.85688299e-02
  3.46658379e-02  8.51869434e-02  8.89830217e-02 -1.01261223e-02
  3.11173648e-02 -9.74209458e-02  9.16941091e-04  6.85620382e-02
  2.76444033e-02  7.74834603e-02  4.39526513e-02 -5.94627820e-02]

Sentence: The dog is playing in the garden.
Embedding: [ 1.03527978e-02 -7.74590671e-02  3.36521342e-02 -3.08707319e-02
  1.86780896e-02  3.87118086e-02  1.16007049e-02 -2.43077874e-02
  6.06080070e-02  8.31078440e-02  4.98051429e-03 -4.56990534e-03
  4.44957092e-02  1.33160315e-02  7.49317333e-02  2.04143934e-02
  1.52229620e-02  4.03911248e-02  4.17786129e-02 -9.43495408e-02
 -2.40398869e-02  7.55823404e-02  3.88212726e-02 -6.40740395e-02
 -1.82703193e-02  8.70126113e-03  7.55704194e-03  3.34787294e-02
 -5.94615191e-02 -6.78683147e-02 -1.26201166e-02  6.78687096e-02
 -3.79229449e-02  3.93606834e-02 -5.62807545e-02  4.37610894e-02
  2.99051084e-04 -6.90022632e-02  1.23789378e-01 -7.71323126e-03
 -4.38851453e-02 -4.36185906e-03  5.15126325e-02 -6.90178871e-02
 -1.92581266e-02  6.97549507e-02 -5.24702817e-02 -4.20966744e-02
  6.41412809e-02 -1.30625397e-01 -2.37173098e-03  5.45942746e-02
 -8.12367722e-03 -1.61882993e-02 -9.45063904e-02 -3.78497988e-02
  1.00123817e-02  6.11346699e-02 -6.68777572e-03 -2.25950927e-02
  1.28844148e-02 -7.09233852e-03  4.85152639e-02  7.81906098e-02
  5.23349037e-04 -8.31135437e-02 -6.30317405e-02  8.68781563e-03
 -7.10983342e-03 -2.87064072e-02  3.40442061e-02 -2.50250772e-02
  1.46879032e-02 -8.62698704e-02 -4.61808555e-02  4.95428629e-02
 -3.41112427e-02  8.89090896e-02  5.19654155e-02  8.63328800e-02
  4.40951511e-02  3.50502394e-02  2.49698549e-03  5.36724478e-02
  6.02853335e-02  2.56429538e-02  1.81601569e-02  6.30531758e-02
  4.79804864e-03 -2.87065916e-02 -4.54196893e-03 -5.46112210e-02
 -2.28904728e-02  8.47860053e-02 -2.69333906e-02 -7.89796561e-03
  3.64054143e-02 -1.64778098e-01 -2.75615901e-02 -3.03463601e-02
  9.55983438e-03 -7.23248674e-03 -2.06021350e-02  7.24843564e-03
  8.34192485e-02 -1.34458225e-02 -8.04667324e-02  1.49953529e-01
  8.95040575e-03  1.48866195e-02 -3.27130072e-02 -9.25308967e-04
  1.52754858e-02  2.44997367e-02  4.20341548e-03  2.99995784e-02
  2.56300028e-02 -2.29703542e-02 -2.04668799e-03  3.29515636e-02
  3.28539386e-02 -2.05645114e-02 -1.00720033e-01  3.11038271e-02
 -1.42595777e-02  9.89094973e-02 -2.82723494e-02 -1.02796981e-32
  5.07599264e-02 -5.45463450e-02 -2.34716926e-02 -1.03352398e-01
 -6.08501816e-03 -7.91208446e-03  5.40670305e-02  8.94726813e-03
 -3.55782993e-02 -4.20396142e-02  4.08513397e-02 -1.39877778e-02
  3.53084542e-02  5.64262038e-03  1.21068638e-02  2.67402511e-02
 -3.97422984e-02  1.77874826e-02  9.86665115e-02 -1.12202074e-02
 -7.40198940e-02 -7.94456601e-02 -2.92384066e-02  4.18141186e-02
 -5.95549718e-02 -1.25388876e-02  6.81934580e-02 -4.41421531e-02
 -3.87902074e-02 -2.65959352e-02  7.49710426e-02 -8.30260217e-02
 -1.96155757e-02 -6.36243401e-03  3.29094753e-02 -1.94773208e-02
 -3.95211354e-02 -5.52102476e-02  2.20302045e-02  3.46835665e-02
  2.53861193e-02 -4.94708633e-03  3.31055075e-02 -1.19637633e-02
 -3.70624326e-02 -4.14641462e-02  6.30651182e-03  2.34543364e-02
 -5.46629466e-02  3.61760184e-02  4.90612872e-02  1.40237203e-02
  1.04747780e-01 -1.70932971e-02  2.91943680e-02 -2.59333267e-03
  5.64881898e-02 -7.76268542e-04 -1.19668758e-02  5.88463396e-02
  5.15272990e-02 -2.45394744e-02 -3.48403677e-02 -2.02555526e-02
  6.74240291e-02 -3.11606806e-02 -9.27041620e-02 -2.30905153e-02
 -7.74101838e-02  1.23630412e-01  7.91885257e-02 -3.32633704e-02
  5.28799072e-02 -2.24020015e-02  6.05648234e-02 -2.53436528e-02
  1.41002275e-02 -4.83780466e-02  2.43991315e-02 -3.74740660e-02
  8.12103897e-02  9.82108060e-03 -2.46122163e-02  3.99880372e-02
 -5.01650907e-02  1.32303787e-02  3.15481350e-02 -5.63328480e-03
 -1.25509650e-02 -2.66970824e-02  5.36557063e-02 -7.49023184e-02
 -6.82215318e-02 -2.44694687e-02  6.00993410e-02  5.77474089e-33
 -3.58371325e-02  4.51907963e-02 -4.17895503e-02 -2.38721212e-03
 -1.87602099e-02 -2.90847979e-02 -8.96520540e-02  4.03243043e-02
  8.83605517e-03 -4.46697697e-03 -5.69339469e-02  1.44005865e-01
  2.23289225e-02  3.36984657e-02 -6.19868152e-02 -1.66331455e-02
 -6.46336600e-02 -2.47702934e-02  3.78748551e-02  2.46317592e-02
 -1.30612552e-01  2.28805449e-02  1.59769312e-01 -9.44719277e-03
  7.21514272e-03  6.39724545e-04 -4.39016148e-02  1.48708522e-02
 -2.51571573e-02 -9.17461589e-02  4.52016592e-02  1.13923559e-02
 -1.65592544e-02 -1.75619218e-02  2.46736761e-02 -4.38576154e-02
  3.45391743e-02 -1.51248097e-01  6.71547651e-02  1.43692261e-02
 -2.63617411e-02 -3.98199446e-02 -2.59587932e-02  2.66062003e-02
  2.30234787e-02 -1.05829129e-03 -1.28761334e-02  2.48711687e-02
  6.41655698e-02  1.08082727e-01 -3.27036567e-02  4.25253883e-02
  7.60808960e-02 -3.24358605e-02  5.90920188e-02 -6.59637386e-03
 -4.78769839e-02  9.91872475e-02 -1.80989467e-02  7.87103921e-03
  4.69022468e-02  6.30408823e-02  8.71916674e-03  5.49578778e-02
 -4.10994329e-02  2.17585079e-02  1.35098500e-02 -1.20949959e-02
  3.90219502e-02 -2.22372934e-02 -1.24843337e-01 -5.92095917e-03
  7.96330255e-03 -8.59534740e-02  3.03616729e-02  2.86610052e-02
  3.13824378e-02 -1.24325193e-02 -1.75789464e-02  1.55679155e-02
 -2.58370955e-02  5.12727685e-02 -4.76836450e-02 -4.50281799e-02
  1.30081491e-03 -4.98569869e-02 -3.78957950e-02  2.49875095e-02
 -1.58170331e-02 -2.18636002e-02  9.02356114e-03  4.60815318e-02
 -9.96699836e-03 -2.04165243e-02  3.92563455e-02 -1.74408825e-08
 -4.35143523e-02 -2.14411858e-02 -3.62757444e-02 -3.01716160e-02
  4.43982631e-02 -1.65463891e-02  4.91860397e-02 -7.95270279e-02
  6.70662597e-02  2.04346627e-02  3.23774144e-02 -8.03809911e-02
 -4.62864488e-02  2.23974884e-02  1.81044303e-02 -2.24409532e-02
  3.90747823e-02  6.57025948e-02  8.69219657e-03  1.32727027e-01
 -9.44227260e-03  7.88659137e-03 -4.90121730e-03 -4.96745892e-02
 -3.91226932e-02 -5.75028248e-02  3.93901244e-02 -7.72057623e-02
  1.12909684e-02  5.74774072e-02 -2.33155452e-02  1.75039098e-02
  1.86043195e-02  5.93334213e-02 -1.39600411e-01 -7.73561522e-02
  6.99386820e-02 -1.55605450e-02 -2.49801129e-02  2.84711570e-02
  3.47636305e-02  1.19964004e-01 -6.51550144e-02 -5.45772649e-02
 -1.49139436e-02  8.09950456e-02  2.55630575e-02 -8.14334527e-02
 -5.20923398e-02  2.75966618e-02 -1.21967249e-01 -1.42719606e-02
  2.45946925e-03 -9.61379632e-02  2.90049892e-03  6.65789023e-02
 -3.31511162e-02 -7.41901994e-02  6.75274432e-02  4.16138172e-02
 -1.41343310e-01  3.88380401e-02  2.83340327e-02 -1.20108161e-04]

--- Semantic Similarity ---

Sentence 1: I love eating pizza.
Sentence 2: I enjoy eating burgers.
Similarity: 0.5867

Sentence 1: I love eating pizza.
Sentence 2: Pizza is my favorite food.
Similarity: 0.8503

Sentence 1: I want to learn Python programming.
Sentence 2: Python is easy to learn.
Similarity: 0.7578

Sentence 1: Artificial intelligence is changing technology.
Sentence 2: Machine learning is a part of AI.
Similarity: 0.6020
